WorkRaveStats 4
D 5 7 118 15 35 5 7 118 21 2
B 0 7 0 0 0 0 0 0 0 
B 1 7 0 0 3 2 0 0 0 
B 2 7 0 0 0 0 0 0 0 
m 6 6887 708083 422569 799 1409 1510 
D 6 7 118 6 33 6 7 118 20 36
B 0 7 0 0 0 0 0 0 0 
B 1 7 0 0 14 1 0 0 0 
B 2 7 0 0 0 0 0 0 0 
m 6 15962 2083730 1231734 6030 4574 2806 
D 7 7 118 6 48 7 7 118 23 55
B 0 7 0 0 0 0 0 0 0 
B 1 7 0 0 17 2 0 0 0 
B 2 7 0 0 0 0 0 0 0 
m 6 16934 2314948 978260 223 3012 3941 
D 8 7 118 6 23 8 7 118 18 36
B 0 7 0 0 0 0 0 0 0 
B 1 7 0 0 9 4 0 0 0 
B 2 7 0 0 0 0 0 0 0 
m 6 17945 3662380 1374535 8445 4413 3308 
D 9 8 118 23 3 9 8 118 23 25
B 0 7 0 0 0 0 0 0 0 
B 1 7 0 0 0 0 0 0 0 
B 2 7 0 0 0 0 0 0 0 
m 6 1338 172683 68815 1 201 51 
D 13 8 118 21 5 13 8 118 21 12
B 0 7 0 0 0 0 0 0 0 
B 1 7 0 0 0 0 0 0 0 
B 2 7 0 0 0 0 0 0 0 
m 6 436 64796 37086 140 95 31 
D 19 8 118 15 45 19 8 118 23 45
B 0 7 0 0 0 0 0 0 0 
B 1 7 0 0 0 0 0 0 0 
B 2 7 0 0 0 0 0 0 0 
m 6 1954 274685 151561 112 384 253 
D 20 8 118 6 31 20 8 118 23 0
B 0 7 0 0 0 0 0 0 0 
B 1 7 0 1 9 5 0 0 0 
B 2 7 0 0 0 0 0 0 0 
m 6 29574 3612710 2003231 68 5941 6909 
D 21 8 118 6 51 21 8 118 21 44
B 0 7 0 0 0 0 0 0 0 
B 1 7 0 0 3 3 0 0 0 
B 2 7 0 0 0 0 0 0 0 
m 6 17151 1960417 1029877 0 3031 2605 
D 22 8 118 10 49 22 8 118 19 46
B 0 7 0 0 0 0 0 0 0 
B 1 7 0 0 11 0 0 0 0 
B 2 7 0 0 0 0 0 0 0 
m 6 5673 836223 355134 1639 1047 425 
D 23 8 118 9 21 23 8 118 14 5
B 0 7 0 0 0 0 0 0 0 
B 1 7 0 0 5 1 0 0 0 
B 2 7 0 0 0 0 0 0 0 
m 6 4574 654345 375873 1412 1240 512 
D 24 8 118 6 56 24 8 118 22 10
B 0 7 0 0 0 0 0 0 0 
B 1 7 0 0 12 4 0 0 0 
B 2 7 0 0 0 0 0 0 0 
m 6 19694 2743085 1238501 267 3323 4414 
D 25 8 118 6 44 25 8 118 21 14
B 0 7 0 0 0 0 0 0 0 
B 1 7 0 0 15 2 0 0 0 
B 2 7 0 0 0 0 0 0 0 
m 6 16416 2284086 1001583 1215 2938 3144 
D 26 8 118 8 1 26 8 118 23 19
B 0 7 0 0 0 0 0 0 0 
B 1 7 0 0 9 6 0 0 0 
B 2 7 0 0 0 0 0 0 0 
m 6 25312 3550905 1778722 439 5399 6223 
D 27 8 118 7 48 27 8 118 22 0
B 0 7 0 0 0 0 0 0 0 
B 1 7 0 0 9 7 0 0 0 
B 2 7 0 0 0 0 0 0 0 
m 6 26953 2971792 2186925 0 10030 5377 
D 28 8 118 7 52 29 8 118 0 11
B 0 7 0 0 0 0 0 0 0 
B 1 7 0 0 3 4 0 0 0 
B 2 7 0 0 0 0 0 0 0 
m 6 17594 2504912 1270717 0 3415 5400 
D 29 8 118 5 26 29 8 118 20 58
B 0 7 0 0 0 0 0 0 0 
B 1 7 0 0 7 1 0 0 0 
B 2 7 0 0 0 0 0 0 0 
m 6 7014 811571 351378 426 1284 1121 
D 30 8 118 6 50 30 8 118 11 35
B 0 7 0 0 0 0 0 0 0 
B 1 7 0 0 2 2 0 0 0 
B 2 7 0 0 0 0 0 0 0 
m 6 10472 1698713 1128393 3799 4296 877 
D 1 9 118 9 17 1 9 118 22 48
B 0 7 0 0 0 0 0 0 0 
B 1 7 0 0 12 1 0 0 0 
B 2 7 0 0 0 0 0 0 0 
m 6 13659 1858765 1035360 4273 3777 1493 
D 2 9 118 4 44 2 9 118 21 53
B 0 7 0 0 0 0 0 0 0 
B 1 7 0 0 12 0 0 0 0 
B 2 7 0 0 0 0 0 0 0 
m 6 10601 1356085 802171 868 2877 892 
D 3 9 118 6 57 3 9 118 22 15
B 0 7 0 0 0 0 0 0 0 
B 1 7 0 0 7 1 0 0 0 
B 2 7 0 0 0 0 0 0 0 
m 6 15897 1940463 831734 2288 2613 5131 
D 4 9 118 9 1 4 9 118 19 27
B 0 7 0 0 0 0 0 0 0 
B 1 7 0 0 5 5 0 0 0 
B 2 7 0 0 0 0 0 0 0 
m 6 17570 3040176 1380272 6934 3502 3121 
D 5 9 118 9 1 5 9 118 17 19
B 0 7 0 0 0 0 0 0 0 
B 1 7 0 0 5 3 0 0 0 
B 2 7 0 0 0 0 0 0 0 
m 6 12444 1526908 614653 3924 1594 2626 
D 6 9 118 12 17 6 9 118 12 42
B 0 7 0 0 0 0 0 0 0 
B 1 7 0 0 1 0 0 0 0 
B 2 7 0 0 0 0 0 0 0 
m 6 215 52405 24500 0 73 21 
D 7 9 118 9 1 7 9 118 23 10
B 0 7 0 0 0 0 0 0 0 
B 1 7 0 0 6 1 0 0 0 
B 2 7 0 0 0 0 0 0 0 
m 6 9902 1160522 435508 973 1280 343 
D 8 9 118 9 1 8 9 118 22 37
B 0 7 0 0 0 0 0 0 0 
B 1 7 0 0 9 2 0 0 0 
B 2 7 0 0 0 0 0 0 0 
m 6 16955 2660667 1181789 719 2808 5752 
D 9 9 118 6 38 9 9 118 20 57
B 0 7 0 0 0 0 0 0 0 
B 1 7 0 0 4 1 0 0 0 
B 2 7 0 0 0 0 0 0 0 
m 6 9772 1226854 696970 928 1818 2040 
D 10 9 118 9 1 11 9 118 0 4
B 0 7 0 0 0 0 0 0 0 
B 1 7 0 0 6 1 0 0 0 
B 2 7 0 0 0 0 0 0 0 
m 6 10027 1420966 695258 339 1902 4308 
D 11 9 118 8 34 11 9 118 20 5
B 0 7 0 0 0 0 0 0 0 
B 1 7 0 0 5 0 0 0 0 
B 2 7 0 0 0 0 0 0 0 
m 6 5771 732191 308030 906 910 4253 
D 12 9 118 6 6 12 9 118 14 26
B 0 7 0 0 0 0 0 0 0 
B 1 7 0 0 3 0 0 0 0 
B 2 7 0 0 0 0 0 0 0 
m 6 2156 331185 131866 186 376 932 
D 14 9 118 15 49 14 9 118 17 51
B 0 7 0 0 0 0 0 0 0 
B 1 7 0 0 0 2 0 0 0 
B 2 7 0 0 0 0 0 0 0 
m 6 6018 785238 419385 2510 1154 238 
D 15 9 118 5 47 15 9 118 23 49
B 0 7 0 0 0 0 0 0 0 
B 1 7 0 0 3 2 0 0 0 
B 2 7 0 0 0 0 0 0 0 
m 6 8980 822087 399899 1322 1257 1476 
D 16 9 118 9 5 16 9 118 17 3
B 0 7 0 0 0 0 0 0 0 
B 1 7 0 0 2 0 0 0 0 
B 2 7 0 0 0 0 0 0 0 
m 6 2149 420890 207622 117 546 512 
D 17 9 118 7 11 17 9 118 16 21
B 0 7 0 0 0 0 0 0 0 
B 1 7 0 0 3 0 0 0 0 
B 2 7 0 0 0 0 0 0 0 
m 6 4880 515394 264224 465 829 1684 
D 18 9 118 7 19 18 9 118 22 58
B 0 7 0 0 0 0 0 0 0 
B 1 7 0 0 6 0 0 0 0 
B 2 7 0 0 0 0 0 0 0 
m 6 2178 282259 133623 111 431 201 
D 19 9 118 8 7 19 9 118 15 4
B 0 7 0 0 0 0 0 0 0 
B 1 7 0 0 2 1 0 0 0 
B 2 7 0 0 0 0 0 0 0 
m 6 5854 713803 245895 375 668 122 
D 20 9 118 6 40 20 9 118 19 5
B 0 7 0 0 0 0 0 0 0 
B 1 7 0 0 2 1 0 0 0 
B 2 7 0 0 0 0 0 0 0 
m 6 4532 552685 281961 1042 1044 1875 
D 21 9 118 13 0 21 9 118 20 29
B 0 7 0 0 0 0 0 0 0 
B 1 7 0 0 2 0 0 0 0 
B 2 7 0 0 0 0 0 0 0 
m 6 3226 360627 152562 146 570 98 
D 22 9 118 9 1 22 9 118 23 16
B 0 7 0 0 0 0 0 0 0 
B 1 7 0 0 8 3 0 0 0 
B 2 7 0 0 0 0 0 0 0 
m 6 14669 2066306 1005117 1 2920 4192 
D 23 9 118 5 6 23 9 118 22 41
B 0 7 0 0 0 0 0 0 0 
B 1 7 0 0 6 1 0 0 0 
B 2 7 0 0 0 0 0 0 0 
m 6 13080 1527034 802950 565 2390 5395 
D 24 9 118 6 14 24 9 118 22 32
B 0 7 0 0 0 0 0 0 0 
B 1 7 0 0 4 5 0 0 0 
B 2 7 0 0 0 0 0 0 0 
m 6 17423 2724454 1531977 39 4870 2319 
D 25 9 118 18 36 25 9 118 18 47
B 0 7 0 0 0 0 0 0 0 
B 1 7 0 0 0 0 0 0 0 
B 2 7 0 0 0 0 0 0 0 
m 6 446 36632 29760 83 130 49 
D 26 9 118 6 26 26 9 118 20 10
B 0 7 0 0 0 0 0 0 0 
B 1 7 0 0 4 1 0 0 0 
B 2 7 0 0 0 0 0 0 0 
m 6 7879 1007606 420111 1480 1178 3241 
D 27 9 118 8 26 27 9 118 22 5
B 0 7 0 0 0 0 0 0 0 
B 1 7 0 0 8 2 0 0 0 
B 2 7 0 0 0 0 0 0 0 
m 6 12655 1765839 1023226 233 3572 1178 
D 28 9 118 6 34 28 9 118 23 21
B 0 7 0 0 0 0 0 0 0 
B 1 7 0 0 4 2 0 0 0 
B 2 7 0 0 0 0 0 0 0 
m 6 9027 1068135 528510 975 1522 667 
D 29 9 118 7 25 29 9 118 19 3
B 0 7 0 0 0 0 0 0 0 
B 1 7 0 0 7 4 0 0 0 
B 2 7 0 0 0 0 0 0 0 
m 6 19347 2506818 1101774 0 3043 8242 
D 30 9 118 7 47 31 9 118 1 26
B 0 7 0 0 0 0 0 0 0 
B 1 7 0 0 3 3 0 0 0 
B 2 7 0 0 0 0 0 0 0 
m 6 17700 1849331 915523 572 2621 6078 
D 31 9 118 7 20 31 9 118 22 6
B 0 7 0 0 0 0 0 0 0 
B 1 7 0 0 9 1 0 0 0 
B 2 7 0 0 0 0 0 0 0 
m 6 15780 2339206 1032115 1469 2485 6100 
D 1 10 118 13 24 2 10 118 3 58
B 0 7 0 0 0 0 0 0 0 
B 1 7 0 0 1 1 0 0 0 
B 2 7 0 0 0 0 0 0 0 
m 6 4401 483484 302658 1109 971 432 
D 2 10 118 4 0 3 10 118 3 45
B 0 7 0 0 0 0 0 0 0 
B 1 7 0 0 15 4 0 0 0 
B 2 7 0 0 0 0 0 0 0 
m 6 22750 3180436 2108815 6602 6269 1748 
D 3 10 118 7 1 3 10 118 22 11
B 0 7 0 0 0 0 0 0 0 
B 1 7 0 0 18 1 0 0 0 
B 2 7 0 0 0 0 0 0 0 
m 6 15819 2157893 1281116 4458 4056 1115 
D 4 10 118 9 1 4 10 118 10 45
B 0 7 0 0 0 0 0 0 0 
B 1 7 0 0 1 0 0 0 0 
B 2 7 0 0 0 0 0 0 0 
m 6 1527 230539 95422 581 266 84 
D 5 10 118 10 0 5 10 118 18 40
B 0 7 0 0 0 0 0 0 0 
B 1 7 0 0 1 1 0 0 0 
B 2 7 0 0 0 0 0 0 0 
m 6 4127 484571 296303 872 967 537 
D 6 10 118 13 13 6 10 118 17 20
B 0 7 0 0 0 0 0 0 0 
B 1 7 0 0 3 0 0 0 0 
B 2 7 0 0 0 0 0 0 0 
m 6 1540 243709 124578 0 424 266 
D 7 10 118 9 1 7 10 118 18 49
B 0 7 0 0 0 0 0 0 0 
B 1 7 0 0 9 0 0 0 0 
B 2 7 0 0 0 0 0 0 0 
m 6 6319 748967 268169 2133 663 90 
D 8 10 118 9 1 8 10 118 15 20
B 0 7 0 0 0 0 0 0 0 
B 1 7 0 0 1 1 0 0 0 
B 2 7 0 0 0 0 0 0 0 
m 6 7352 784251 327379 239 889 4091 
D 9 10 118 9 18 9 10 118 9 27
B 0 7 0 0 0 0 0 0 0 
B 1 7 0 0 1 0 0 0 0 
B 2 7 0 0 0 0 0 0 0 
m 6 443 109889 45677 169 105 51 
D 10 10 118 9 1 10 10 118 15 37
B 0 7 0 0 0 0 0 0 0 
B 1 7 0 0 0 0 0 0 0 
B 2 7 0 0 0 0 0 0 0 
m 6 2186 311831 164899 190 667 139 
D 11 10 118 10 0 11 10 118 17 15
B 0 7 0 0 0 0 0 0 0 
B 1 7 0 0 3 0 0 0 0 
B 2 7 0 0 0 0 0 0 0 
m 6 750 136396 64906 36 166 81 
D 12 10 118 9 1 12 10 118 16 48
B 0 7 0 0 0 0 0 0 0 
B 1 7 0 0 3 3 0 0 0 
B 2 7 0 0 0 0 0 0 0 
m 6 13831 2120532 1167607 4 2966 3055 
D 13 10 118 9 44 13 10 118 17 22
B 0 7 0 0 0 0 0 0 0 
B 1 7 0 0 2 1 0 0 0 
B 2 7 0 0 0 0 0 0 0 
m 6 5335 749812 399084 1 1195 1387 
D 16 10 118 10 4 16 10 118 12 17
B 0 7 0 0 0 0 0 0 0 
B 1 7 0 0 1 1 0 0 0 
B 2 7 0 0 0 0 0 0 0 
m 6 4153 1165417 363051 0 1001 244 
D 17 10 118 14 33 17 10 118 23 37
B 0 7 0 0 0 0 0 0 0 
B 1 7 0 0 9 0 0 0 0 
B 2 7 0 0 0 0 0 0 0 
m 6 6816 962438 445644 0 1192 998 
D 18 10 118 9 1 18 10 118 14 17
B 0 7 0 0 0 0 0 0 0 
B 1 7 0 0 8 0 0 0 0 
B 2 7 0 0 0 0 0 0 0 
m 6 1952 206136 78407 0 211 41 
D 19 10 118 9 11 19 10 118 22 37
B 0 7 0 0 0 0 0 0 0 
B 1 7 0 0 4 1 0 0 0 
B 2 7 0 0 0 0 0 0 0 
m 6 8434 1306704 587493 0 1469 2211 
D 20 10 118 9 32 20 10 118 16 44
B 0 7 0 0 0 0 0 0 0 
B 1 7 0 0 2 5 0 0 0 
B 2 7 0 0 0 0 0 0 0 
m 6 15756 2187883 1292275 4999 4198 2813 
D 21 10 118 9 1 21 10 118 16 41
B 0 7 0 0 0 0 0 0 0 
B 1 7 0 0 3 5 0 0 0 
B 2 7 0 0 0 0 0 0 0 
m 6 16749 2357816 1107990 5705 2617 4641 
D 22 10 118 9 47 22 10 118 18 2
B 0 7 0 0 0 0 0 0 0 
B 1 7 0 0 4 3 0 0 0 
B 2 7 0 0 0 0 0 0 0 
m 6 14934 2574748 1123167 124 2734 4792 
D 23 10 118 9 1 23 10 118 13 52
B 0 7 0 0 0 0 0 0 0 
B 1 7 0 0 0 0 0 0 0 
B 2 7 0 0 0 0 0 0 0 
m 6 947 143386 95852 121 240 141 
D 25 10 118 10 58 25 10 118 13 53
B 0 7 0 0 0 0 0 0 0 
B 1 7 0 0 3 0 0 0 0 
B 2 7 0 0 0 0 0 0 0 
m 6 1057 218087 112835 9 297 97 
D 26 10 118 9 6 26 10 118 19 48
B 0 7 0 0 0 0 0 0 0 
B 1 7 0 0 8 0 0 0 0 
B 2 7 0 0 0 0 0 0 0 
m 6 3419 561502 238328 553 594 1405 
D 27 10 118 9 1 27 10 118 17 57
B 0 7 0 0 0 0 0 0 0 
B 1 7 0 0 4 1 0 0 0 
B 2 7 0 0 0 0 0 0 0 
m 6 11819 1694214 948609 651 2368 4172 
D 28 10 118 9 6 28 10 118 15 10
B 0 7 0 0 0 0 0 0 0 
B 1 7 0 0 1 0 0 0 0 
B 2 7 0 0 0 0 0 0 0 
m 6 1276 167657 105407 318 223 32 
D 29 10 118 9 1 29 10 118 16 56
B 0 7 0 0 0 0 0 0 0 
B 1 7 0 0 3 5 1 0 180 
B 2 7 0 0 0 0 0 0 0 
m 6 17969 2060508 957736 5510 2572 7922 
D 30 10 118 9 1 30 10 118 9 9
B 0 7 0 0 0 0 0 0 0 
B 1 7 0 0 0 0 0 0 0 
B 2 7 0 0 0 0 0 0 0 
m 6 553 62187 49006 1 151 69 
D 1 11 118 12 26 1 11 118 12 28
B 0 7 0 0 0 0 0 0 0 
B 1 7 0 0 0 0 0 0 0 
B 2 7 0 0 0 0 0 0 0 
m 6 177 17031 5839 52 18 0 
D 2 11 118 9 21 2 11 118 17 26
B 0 7 0 0 0 0 0 0 0 
B 1 7 0 0 4 0 0 0 0 
B 2 7 0 0 0 0 0 0 0 
m 6 2585 294080 202011 0 687 202 
D 3 11 118 9 1 3 11 118 19 22
B 0 7 0 0 0 0 0 0 0 
B 1 7 0 0 4 2 0 0 0 
B 2 7 0 0 0 0 0 0 0 
m 6 12581 1903165 1191765 947 3003 3539 
D 4 11 118 9 1 4 11 118 17 35
B 0 7 0 0 0 0 0 0 0 
B 1 7 0 0 6 0 0 0 0 
B 2 7 0 0 0 0 0 0 0 
m 6 1944 314684 164170 165 425 215 
D 5 11 118 9 1 5 11 118 15 35
B 0 7 0 0 0 0 0 0 0 
B 1 7 0 0 2 1 0 0 0 
B 2 7 0 0 0 0 0 0 0 
m 6 6382 689477 362729 533 910 3429 
D 6 11 118 9 1 6 11 118 11 31
B 0 7 0 0 0 0 0 0 0 
B 1 7 0 0 2 0 0 0 0 
B 2 7 0 0 0 0 0 0 0 
m 6 3834 500899 223491 1301 599 353 
D 7 11 118 9 19 7 11 118 19 44
B 0 7 0 0 0 0 0 0 0 
B 1 7 0 0 8 3 0 0 0 
B 2 7 0 0 0 0 0 0 0 
m 6 15567 2240634 1086776 1 2976 4554 
D 8 11 118 12 43 8 11 118 12 55
B 0 7 0 0 0 0 0 0 0 
B 1 7 0 0 0 0 0 0 0 
B 2 7 0 0 0 0 0 0 0 
m 6 644 100624 57849 286 144 52 
D 9 11 118 9 1 9 11 118 14 31
B 0 7 0 0 0 0 0 0 0 
B 1 7 0 0 7 0 0 0 0 
B 2 7 0 0 0 0 0 0 0 
m 6 3865 628770 328825 1055 958 513 
D 10 11 118 9 1 10 11 118 17 33
B 0 7 0 0 0 0 0 0 0 
B 1 7 0 0 7 0 0 0 0 
B 2 7 0 0 0 0 0 0 0 
m 6 8147 1055917 488808 37 1097 5433 
D 11 11 118 9 16 11 11 118 20 31
B 0 7 0 0 0 0 0 0 0 
B 1 7 0 0 9 0 0 0 0 
B 2 7 0 0 0 0 0 0 0 
m 6 1930 242453 138016 569 550 309 
D 12 11 118 9 1 12 11 118 10 20
B 0 7 0 0 0 0 0 0 0 
B 1 7 0 0 0 1 0 0 0 
B 2 7 0 0 0 0 0 0 0 
m 6 3704 495759 374779 3 1324 373 
D 13 11 118 9 30 13 11 118 11 4
B 0 7 0 0 0 0 0 0 0 
B 1 7 0 0 3 0 0 0 0 
B 2 7 0 0 0 0 0 0 0 
m 6 476 70626 39008 136 136 11 
D 17 11 118 16 12 17 11 118 16 26
B 0 7 0 0 0 0 0 0 0 
B 1 7 0 0 0 0 0 0 0 
B 2 7 0 0 0 0 0 0 0 
m 6 497 119573 55342 225 94 21 
D 18 11 118 9 5 18 11 118 13 52
B 0 7 0 0 0 0 0 0 0 
B 1 7 0 0 5 0 0 0 0 
B 2 7 0 0 0 0 0 0 0 
m 6 1975 226409 161702 687 448 641 
D 19 11 118 9 30 19 11 118 23 11
B 0 7 0 0 0 0 0 0 0 
B 1 7 0 0 3 3 0 0 0 
B 2 7 0 0 0 0 0 0 0 
m 6 11314 948146 574636 2013 2058 806 
D 20 11 118 9 1 20 11 118 16 14
B 0 7 0 0 0 0 0 0 0 
B 1 7 0 0 4 2 0 0 0 
B 2 7 0 0 0 0 0 0 0 
m 6 13288 1637081 880899 1804 2901 3202 
D 21 11 118 9 58 21 11 118 12 29
B 0 7 0 0 0 0 0 0 0 
B 1 7 0 0 1 2 0 0 0 
B 2 7 0 0 0 0 0 0 0 
m 6 6146 793844 341194 2360 902 2431 
D 22 11 118 12 48 22 11 118 22 17
B 0 7 0 0 0 0 0 0 0 
B 1 7 0 0 9 0 0 0 0 
B 2 7 0 0 0 0 0 0 0 
m 6 8725 1369191 722097 3248 2034 655 
D 23 11 118 10 5 23 11 118 18 39
B 0 7 0 0 0 0 0 0 0 
B 1 7 0 0 1 0 0 0 0 
B 2 7 0 0 0 0 0 0 0 
m 6 1561 133477 66393 557 204 60 
D 24 11 118 11 22 24 11 118 15 26
B 0 7 0 0 0 0 0 0 0 
B 1 7 0 0 0 0 0 0 0 
B 2 7 0 0 0 0 0 0 0 
m 6 248 57582 28986 1 75 20 
D 26 11 118 9 1 26 11 118 13 11
B 0 7 0 0 0 0 0 0 0 
B 1 7 0 0 2 0 0 0 0 
B 2 7 0 0 0 0 0 0 0 
m 6 4194 596772 311180 1 921 628 
D 27 11 118 9 4 27 11 118 9 36
B 0 7 0 0 0 0 0 0 0 
B 1 7 0 0 0 0 0 0 0 
B 2 7 0 0 0 0 0 0 0 
m 6 1310 188044 107662 1 301 143 
D 28 11 118 11 10 28 11 118 17 53
B 0 7 0 0 0 0 0 0 0 
B 1 7 0 0 2 1 0 0 0 
B 2 7 0 0 0 0 0 0 0 
m 6 8109 998373 543833 64 1409 2827 
D 29 11 118 10 56 29 11 118 11 8
B 0 7 0 0 0 0 0 0 0 
B 1 7 0 0 2 0 0 0 0 
B 2 7 0 0 0 0 0 0 0 
m 6 784 91477 54794 210 167 160 
D 27 0 119 14 45 27 0 119 14 50
B 0 7 0 0 0 0 0 0 0 
B 1 7 0 0 1 0 0 0 0 
B 2 7 0 0 0 0 0 0 0 
m 6 243 38231 21287 2 41 11 
D 29 0 119 9 3 29 0 119 13 56
B 0 7 0 0 0 0 0 0 0 
B 1 7 0 0 1 1 0 0 0 
B 2 7 0 0 0 0 0 0 0 
m 6 5193 579887 379980 224 991 743 
D 16 1 119 11 14 16 1 119 12 17
B 0 7 0 0 0 0 0 0 0 
B 1 7 0 0 0 0 0 0 0 
B 2 7 0 0 0 0 0 0 0 
m 6 2473 289345 141074 773 400 483 
D 18 1 119 10 3 18 1 119 11 6
B 0 7 0 0 0 0 0 0 0 
B 1 7 0 0 2 0 0 0 0 
B 2 7 0 0 0 0 0 0 0 
m 6 1290 302374 123117 0 297 479 
D 19 1 119 10 3 19 1 119 21 51
B 0 7 0 0 0 0 0 0 0 
B 1 7 0 0 4 2 0 0 0 
B 2 7 0 0 0 0 0 0 0 
m 6 16817 2504337 1307834 0 3305 3034 
D 20 1 119 14 11 20 1 119 18 12
B 0 7 0 0 0 0 0 0 0 
B 1 7 0 0 1 3 0 0 0 
B 2 7 0 0 0 0 0 0 0 
m 6 8939 1296470 600031 1712 1378 3706 
D 25 1 119 10 40 25 1 119 14 46
B 0 7 0 0 0 0 0 0 0 
B 1 7 0 0 1 3 0 0 0 
B 2 7 0 0 0 0 0 0 0 
m 6 9865 2227403 1232637 0 2617 4766 
D 26 1 119 13 43 26 1 119 13 49
B 0 7 0 0 0 0 0 0 0 
B 1 7 0 0 0 0 0 0 0 
B 2 7 0 0 0 0 0 0 0 
m 6 333 43369 27549 1 77 152 
D 4 2 119 14 21 4 2 119 15 35
B 0 7 0 0 0 0 0 0 0 
B 1 7 0 0 1 0 0 0 0 
B 2 7 0 0 0 0 0 0 0 
m 6 2895 417930 219230 3 620 582 
D 5 2 119 10 18 5 2 119 17 9
B 0 7 0 0 0 0 0 0 0 
B 1 7 0 0 4 3 0 0 0 
B 2 7 0 0 0 0 0 0 0 
m 6 11072 1737195 762236 3682 1673 5083 
D 6 2 119 12 51 6 2 119 13 21
B 0 7 0 0 0 0 0 0 0 
B 1 7 0 0 2 0 0 0 0 
B 2 7 0 0 0 0 0 0 0 
m 6 632 87993 32671 229 80 18 
D 7 2 119 10 16 7 2 119 17 22
B 0 7 0 0 0 0 0 0 0 
B 1 7 0 0 0 0 0 0 0 
B 2 7 0 0 0 0 0 0 0 
m 6 2440 371413 175791 666 529 580 
D 8 2 119 10 40 8 2 119 17 4
B 0 7 0 0 0 0 0 0 0 
B 1 7 0 0 2 3 0 0 0 
B 2 7 0 0 0 0 0 0 0 
m 6 11007 2036035 901638 1146 2265 4761 
D 5 4 119 21 12 5 4 119 21 48
B 0 7 0 0 0 0 0 0 0 
B 1 7 0 0 1 0 0 0 0 
B 2 7 0 0 0 0 0 0 0 
m 6 1194 196537 107601 378 231 13 
D 15 4 119 10 38 15 4 119 10 40
B 0 7 0 0 0 0 0 0 0 
B 1 7 0 0 0 0 0 0 0 
B 2 7 0 0 0 0 0 0 0 
m 6 66 8088 3179 0 19 0 
D 2 6 119 17 56 2 6 119 18 14
B 0 7 0 0 0 0 0 0 0 
B 1 7 0 0 0 0 0 0 0 
B 2 7 0 0 0 0 0 0 0 
m 6 771 95468 76394 241 226 151 
D 8 7 119 19 6 8 7 119 19 29
B 0 7 0 0 0 0 0 0 0 
B 1 7 0 0 0 0 0 0 0 
B 2 7 0 0 0 0 0 0 0 
m 6 1056 92799 82069 0 314 60 
D 13 9 119 14 11 13 9 119 14 13
B 0 7 0 0 0 0 0 0 0 
B 1 7 0 0 0 0 0 0 0 
B 2 7 0 0 0 0 0 0 0 
m 6 144 69091 32379 89 59 0 
D 1 10 119 10 28 3 10 119 15 23
B 0 7 0 0 0 0 0 0 0 
B 1 7 0 0 3 0 0 0 0 
B 2 7 0 0 0 0 0 0 0 
m 6 2917 1263659 484295 0 968 885 
D 5 10 119 10 16 6 10 119 10 17
B 0 7 0 0 0 0 0 0 0 
B 1 7 0 0 0 0 0 0 0 
B 2 7 0 0 0 0 0 0 0 
m 6 52 120863 63906 197 99 112 
D 7 10 119 9 4 7 10 119 9 25
B 0 7 0 0 0 0 0 0 0 
B 1 7 0 0 0 0 0 0 0 
B 2 7 0 0 0 0 0 0 0 
m 6 1264 115118 91406 248 296 206 
D 8 10 119 9 14 8 10 119 9 33
B 0 7 0 0 0 0 0 0 0 
B 1 7 0 0 0 0 0 0 0 
B 2 7 0 0 0 0 0 0 0 
m 6 884 70903 55206 143 140 10 
D 12 10 119 9 12 12 10 119 9 23
B 0 7 0 0 0 0 0 0 0 
B 1 7 0 0 0 0 0 0 0 
B 2 7 0 0 0 0 0 0 0 
m 6 677 90065 75117 0 174 39 
D 2 0 120 18 16 2 0 120 18 16
B 0 7 0 0 0 0 0 0 0 
B 1 7 0 0 0 0 0 0 0 
B 2 7 0 0 0 0 0 0 0 
m 6 2 1699 1347 0 3 0 
D 4 0 120 12 19 4 0 120 12 19
B 0 7 0 0 0 0 0 0 0 
B 1 7 0 0 0 0 0 0 0 
B 2 7 0 0 0 0 0 0 0 
m 6 2 1906 1156 2 4 0 
D 16 2 120 9 48 16 2 120 9 58
B 0 7 0 0 0 0 0 0 0 
B 1 7 0 0 0 0 0 0 0 
B 2 7 0 0 0 0 0 0 0 
m 6 184 56859 15532 84 19 0 
D 18 2 120 16 12 18 2 120 16 12
B 0 7 0 0 0 0 0 0 0 
B 1 7 0 0 0 0 0 0 0 
B 2 7 0 0 0 0 0 0 0 
m 6 57 7873 4190 15 7 0 
D 3 3 120 14 57 3 3 120 15 20
B 0 7 0 0 0 0 0 0 0 
B 1 7 0 0 0 0 0 0 0 
B 2 7 0 0 0 0 0 0 0 
m 6 674 152042 51379 0 77 418 
D 9 3 120 9 5 9 3 120 9 7
B 0 7 0 0 0 0 0 0 0 
B 1 7 0 0 0 0 0 0 0 
B 2 7 0 0 0 0 0 0 0 
m 6 154 40604 24634 80 62 4 
D 4 2 121 9 14 4 2 121 9 30
B 0 7 0 0 0 0 0 0 0 
B 1 7 0 0 0 0 0 0 0 
B 2 7 0 0 0 0 0 0 0 
m 6 914 200591 64539 0 169 6 
D 11 4 121 7 13 11 4 121 7 17
B 0 7 0 0 0 0 0 0 0 
B 1 7 0 0 0 0 0 0 0 
B 2 7 0 0 0 0 0 0 0 
m 6 271 35622 25438 0 84 3 
